Chromosome	Start	End	Bin	Absolute	ChromoStart
I	1	40238	1	1	1
I	40238	80475	2	40238	0
I	80475	120712	3	80475	0
I	120712	160949	4	120712	0
I	160949	201186	5	160949	0
I	201186	230219	6	201186	0
II	1	40238	7	230220	230220
II	40238	80475	8	270457	0
II	80475	120712	9	310694	0
II	120712	160949	10	350931	0
II	160949	201186	11	391168	0
II	201186	241423	12	431405	0
II	241423	281660	13	471642	0
II	281660	321897	14	511879	0
II	321897	362134	15	552116	0
II	362134	402371	16	592353	0
II	402371	442608	17	632590	0
II	442608	482845	18	672827	0
II	482845	523082	19	713064	0
II	523082	563319	20	753301	0
II	563319	603556	21	793538	0
II	603556	643793	22	833775	0
II	643793	684030	23	874012	0
II	684030	724267	24	914249	0
II	724267	764504	25	954486	0
II	764504	813185	26	994723	0
III	1	40238	27	1043405	1043405
III	40238	80475	28	1083642	0
III	80475	120712	29	1123879	0
III	120712	160949	30	1164116	0
III	160949	201186	31	1204353	0
III	201186	241423	32	1244590	0
III	241423	281660	33	1284827	0
III	281660	316621	34	1325064	0
IV	1	40238	35	1360026	1360026
IV	40238	80475	36	1400263	0
IV	80475	120712	37	1440500	0
IV	120712	160949	38	1480737	0
IV	160949	201186	39	1520974	0
IV	201186	241423	40	1561211	0
IV	241423	281660	41	1601448	0
IV	281660	321897	42	1641685	0
IV	321897	362134	43	1681922	0
IV	362134	402371	44	1722159	0
IV	402371	442608	45	1762396	0
IV	442608	482845	46	1802633	0
IV	482845	523082	47	1842870	0
IV	523082	563319	48	1883107	0
IV	563319	603556	49	1923344	0
IV	603556	643793	50	1963581	0
IV	643793	684030	51	2003818	0
IV	684030	724267	52	2044055	0
IV	724267	764504	53	2084292	0
IV	764504	804741	54	2124529	0
IV	804741	844978	55	2164766	0
IV	844978	885215	56	2205003	0
IV	885215	925452	57	2245240	0
IV	925452	965689	58	2285477	0
IV	965689	1005926	59	2325714	0
IV	1005926	1046163	60	2365951	0
IV	1046163	1086400	61	2406188	0
IV	1086400	1126637	62	2446425	0
IV	1126637	1166874	63	2486662	0
IV	1166874	1207111	64	2526899	0
IV	1207111	1247348	65	2567136	0
IV	1247348	1287585	66	2607373	0
IV	1287585	1327822	67	2647610	0
IV	1327822	1368059	68	2687847	0
IV	1368059	1408296	69	2728084	0
IV	1408296	1448533	70	2768321	0
IV	1448533	1488770	71	2808558	0
IV	1488770	1531934	72	2848795	0
V	1	40238	73	2891960	2891960
V	40238	80475	74	2932197	0
V	80475	120712	75	2972434	0
V	120712	160949	76	3012671	0
V	160949	201186	77	3052908	0
V	201186	241423	78	3093145	0
V	241423	281660	79	3133382	0
V	281660	321897	80	3173619	0
V	321897	362134	81	3213856	0
V	362134	402371	82	3254093	0
V	402371	442608	83	3294330	0
V	442608	482845	84	3334567	0
V	482845	523082	85	3374804	0
V	523082	576875	86	3415041	0
VI	1	40238	87	3468835	3468835
VI	40238	80475	88	3509072	0
VI	80475	120712	89	3549309	0
VI	120712	160949	90	3589546	0
VI	160949	201186	91	3629783	0
VI	201186	241423	92	3670020	0
VI	241423	270162	93	3710257	0
VII	1	40238	94	3738997	3738997
VII	40238	80475	95	3779234	0
VII	80475	120712	96	3819471	0
VII	120712	160949	97	3859708	0
VII	160949	201186	98	3899945	0
VII	201186	241423	99	3940182	0
VII	241423	281660	100	3980419	0
VII	281660	321897	101	4020656	0
VII	321897	362134	102	4060893	0
VII	362134	402371	103	4101130	0
VII	402371	442608	104	4141367	0
VII	442608	482845	105	4181604	0
VII	482845	523082	106	4221841	0
VII	523082	563319	107	4262078	0
VII	563319	603556	108	4302315	0
VII	603556	643793	109	4342552	0
VII	643793	684030	110	4382789	0
VII	684030	724267	111	4423026	0
VII	724267	764504	112	4463263	0
VII	764504	804741	113	4503500	0
VII	804741	844978	114	4543737	0
VII	844978	885215	115	4583974	0
VII	885215	925452	116	4624211	0
VII	925452	965689	117	4664448	0
VII	965689	1005926	118	4704685	0
VII	1005926	1046163	119	4744922	0
VII	1046163	1090941	120	4785159	0
VIII	1	40238	121	4829938	4829938
VIII	40238	80475	122	4870175	0
VIII	80475	120712	123	4910412	0
VIII	120712	160949	124	4950649	0
VIII	160949	201186	125	4990886	0
VIII	201186	241423	126	5031123	0
VIII	241423	281660	127	5071360	0
VIII	281660	321897	128	5111597	0
VIII	321897	362134	129	5151834	0
VIII	362134	402371	130	5192071	0
VIII	402371	442608	131	5232308	0
VIII	442608	482845	132	5272545	0
VIII	482845	523082	133	5312782	0
VIII	523082	562644	134	5353019	0
IX	1	40238	135	5392582	5392582
IX	40238	80475	136	5432819	0
IX	80475	120712	137	5473056	0
IX	120712	160949	138	5513293	0
IX	160949	201186	139	5553530	0
IX	201186	241423	140	5593767	0
IX	241423	281660	141	5634004	0
IX	281660	321897	142	5674241	0
IX	321897	362134	143	5714478	0
IX	362134	402371	144	5754715	0
IX	402371	439889	145	5794952	0
X	1	40238	146	5832471	5832471
X	40238	80475	147	5872708	0
X	80475	120712	148	5912945	0
X	120712	160949	149	5953182	0
X	160949	201186	150	5993419	0
X	201186	241423	151	6033656	0
X	241423	281660	152	6073893	0
X	281660	321897	153	6114130	0
X	321897	362134	154	6154367	0
X	362134	402371	155	6194604	0
X	402371	442608	156	6234841	0
X	442608	482845	157	6275078	0
X	482845	523082	158	6315315	0
X	523082	563319	159	6355552	0
X	563319	603556	160	6395789	0
X	603556	643793	161	6436026	0
X	643793	684030	162	6476263	0
X	684030	745752	163	6516500	0
XI	1	40238	164	6578223	6578223
XI	40238	80475	165	6618460	0
XI	80475	120712	166	6658697	0
XI	120712	160949	167	6698934	0
XI	160949	201186	168	6739171	0
XI	201186	241423	169	6779408	0
XI	241423	281660	170	6819645	0
XI	281660	321897	171	6859882	0
XI	321897	362134	172	6900119	0
XI	362134	402371	173	6940356	0
XI	402371	442608	174	6980593	0
XI	442608	482845	175	7020830	0
XI	482845	523082	176	7061067	0
XI	523082	563319	177	7101304	0
XI	563319	603556	178	7141541	0
XI	603556	643793	179	7181778	0
XI	643793	666817	180	7222015	0
XII	1	40238	181	7245040	7245040
XII	40238	80475	182	7285277	0
XII	80475	120712	183	7325514	0
XII	120712	160949	184	7365751	0
XII	160949	201186	185	7405988	0
XII	201186	241423	186	7446225	0
XII	241423	281660	187	7486462	0
XII	281660	321897	188	7526699	0
XII	321897	362134	189	7566936	0
XII	362134	402371	190	7607173	0
XII	402371	442608	191	7647410	0
XII	442608	482845	192	7687647	0
XII	482845	523082	193	7727884	0
XII	523082	563319	194	7768121	0
XII	563319	603556	195	7808358	0
XII	603556	643793	196	7848595	0
XII	643793	684030	197	7888832	0
XII	684030	724267	198	7929069	0
XII	724267	764504	199	7969306	0
XII	764504	804741	200	8009543	0
XII	804741	844978	201	8049780	0
XII	844978	885215	202	8090017	0
XII	885215	925452	203	8130254	0
XII	925452	965689	204	8170491	0
XII	965689	1005926	205	8210728	0
XII	1005926	1046163	206	8250965	0
XII	1046163	1078178	207	8291202	0
XIII	1	40238	208	8323218	8323218
XIII	40238	80475	209	8363455	0
XIII	80475	120712	210	8403692	0
XIII	120712	160949	211	8443929	0
XIII	160949	201186	212	8484166	0
XIII	201186	241423	213	8524403	0
XIII	241423	281660	214	8564640	0
XIII	281660	321897	215	8604877	0
XIII	321897	362134	216	8645114	0
XIII	362134	402371	217	8685351	0
XIII	402371	442608	218	8725588	0
XIII	442608	482845	219	8765825	0
XIII	482845	523082	220	8806062	0
XIII	523082	563319	221	8846299	0
XIII	563319	603556	222	8886536	0
XIII	603556	643793	223	8926773	0
XIII	643793	684030	224	8967010	0
XIII	684030	724267	225	9007247	0
XIII	724267	764504	226	9047484	0
XIII	764504	804741	227	9087721	0
XIII	804741	844978	228	9127958	0
XIII	844978	885215	229	9168195	0
XIII	885215	924432	230	9208432	0
XIV	1	40238	231	9247650	9247650
XIV	40238	80475	232	9287887	0
XIV	80475	120712	233	9328124	0
XIV	120712	160949	234	9368361	0
XIV	160949	201186	235	9408598	0
XIV	201186	241423	236	9448835	0
XIV	241423	281660	237	9489072	0
XIV	281660	321897	238	9529309	0
XIV	321897	362134	239	9569546	0
XIV	362134	402371	240	9609783	0
XIV	402371	442608	241	9650020	0
XIV	442608	482845	242	9690257	0
XIV	482845	523082	243	9730494	0
XIV	523082	563319	244	9770731	0
XIV	563319	603556	245	9810968	0
XIV	603556	643793	246	9851205	0
XIV	643793	684030	247	9891442	0
XIV	684030	724267	248	9931679	0
XIV	724267	784334	249	9971916	0
XV	1	40238	250	10031984	10031984
XV	40238	80475	251	10072221	0
XV	80475	120712	252	10112458	0
XV	120712	160949	253	10152695	0
XV	160949	201186	254	10192932	0
XV	201186	241423	255	10233169	0
XV	241423	281660	256	10273406	0
XV	281660	321897	257	10313643	0
XV	321897	362134	258	10353880	0
XV	362134	402371	259	10394117	0
XV	402371	442608	260	10434354	0
XV	442608	482845	261	10474591	0
XV	482845	523082	262	10514828	0
XV	523082	563319	263	10555065	0
XV	563319	603556	264	10595302	0
XV	603556	643793	265	10635539	0
XV	643793	684030	266	10675776	0
XV	684030	724267	267	10716013	0
XV	724267	764504	268	10756250	0
XV	764504	804741	269	10796487	0
XV	804741	844978	270	10836724	0
XV	844978	885215	271	10876961	0
XV	885215	925452	272	10917198	0
XV	925452	965689	273	10957435	0
XV	965689	1005926	274	10997672	0
XV	1005926	1046163	275	11037909	0
XV	1046163	1091292	276	11078146	0
XVI	1	40238	277	11123276	11123276
XVI	40238	80475	278	11163513	0
XVI	80475	120712	279	11203750	0
XVI	120712	160949	280	11243987	0
XVI	160949	201186	281	11284224	0
XVI	201186	241423	282	11324461	0
XVI	241423	281660	283	11364698	0
XVI	281660	321897	284	11404935	0
XVI	321897	362134	285	11445172	0
XVI	362134	402371	286	11485409	0
XVI	402371	442608	287	11525646	0
XVI	442608	482845	288	11565883	0
XVI	482845	523082	289	11606120	0
XVI	523082	563319	290	11646357	0
XVI	563319	603556	291	11686594	0
XVI	603556	643793	292	11726831	0
XVI	643793	684030	293	11767068	0
XVI	684030	724267	294	11807305	0
XVI	724267	764504	295	11847542	0
XVI	764504	804741	296	11887779	0
XVI	804741	844978	297	11928016	0
XVI	844978	885215	298	11968253	0
XVI	885215	925452	299	12008490	0
XVI	925452	948067	300	12048727	0
